P -2704.8960, 3199.2842, -171.7490,  255, 0, 0,  2,  Druid_Port
P 4304.7251, 1147.3062, 36.1572,  255, 0, 0,  3,  to_The_Overthere
P -1774.1155, 5722.4795, -163.7802,  255, 0, 0,  3,  to_The_Burning_Woods
P -2985.8152, -2801.0503, -80.8176,  255, 0, 0,  3,  to_Veeshan's_Peak
P -865.0000, 2993.0000, 0.0000,  255, 0, 0,  2,  Wizard_Port
P -3681.0000, 2443.0000, 0.0000,  255, 255, 0,  2,  Path_out_of_canyon
P 3581.8792, 2195.4185, -121.6958,  240, 240, 240,  2,  Dragon_Orb
P -1554.9263, 2097.9097, 134.4179,  240, 240, 240,  2,  Giant_Caldera
P -2978.5603, -2659.2708, -79.5125,  127, 64, 0,  2,  Dry_Sapara
P -1710.2318, 5236.0591, -161.6606,  0, 0, 0,  2,  Mistellgone_Eshaan
P 4286.0000, 1140.0000, 36.1572,  240, 0, 0,  2,  Succor
P -752.3199, 3102.1309, -160.9699,  240, 240, 240,  2,  Skyfire_Mountains_Dragon_Circle
P -449.7685, 2782.0225, -140.0674,  0, 0, 0,  2,  Vellendoor_Dumont
P 186.7304, 744.1304, -155.3770,  0, 0, 0,  2,  Nightwing_(Named,Roam)
P -61.5405, 2177.3472, -164.4062,  0, 0, 0,  2,  Jennus_Lyklobar_(Roam)
P -2820.1746, 3360.5686, -149.3290,  0, 0, 0,  2,  Brynnellen_Slynn
P -1878.0000, 975.0000, -292.0000,  240, 127, 0,  2,  Talendor_(Raid)
P -657.1595, -202.3362, -192.2438,  0, 0, 240,  1,  GS:_Skyfire_Pumice
P 1466.2802, -895.4008, 158.1281,  0, 0, 240,  1,  GS:_Fusible_Igneous_Ore
P 1208.4359, -1538.1985, 109.2891,  0, 0, 240,  1,  GS:_Fusable_Igneous_Ore
P 3223.0164, -3008.0933, -151.3352,  0, 0, 0,  2,  Warder_Cecilia
P 3456.9124, -2983.3125, -150.9568,  0, 0, 0,  2,  Druania_Sharen
P 3469.8440, -3029.1121, -150.9568,  0, 0, 240,  1,  GS:_Golden_Dagger
P 4017.2412, -564.5610, -164.5846,  240, 0, 0,  3,  ELDRIG_THE_WHATEVER
